# レベル　柱の数　ボウルの数　ボウルの速度　
#　　　　 最大10  　最大20    速い ---- 遅い
# 　　　　　　　　　　　　　　 1         5
    1       5         10           5
    2       4         10           5
    3       3         10           5
    4       5         15           5
    5       4         15           5
    6       3         15           5
    7       5         10           4
    8       4         10           4
    9       3         10           4
    10      5         15           4
    11      4         15           4
    12      3         15           4
    13      5         10           3
    14      4         10           3
    15      3         10           3
    16      5         15           3
    17      4         15           3
    18      3         15           3
    19      5         10           2
    20      4         10           2
    21      3         10           2
    22      5         15           2
    23      4         15           2
    24      3         15           2
    25      5         10           1
    26      4         10           1
    27      3         10           1
    28      5         15           1
    29      4         15           1
    30      3         15           1